5 -52.6402 -52.6402 2 1 
5.02441 -52.6647 -52.6647 1 1 
5.04893 -52.6892 -52.6892 1 1 
5.09832 -52.738 -52.738 1 1 
5.19845 -52.835 -52.835 1 1 
5.35199 -52.9791 -52.9791 1 1 
5.5897 -53.1917 -53.1917 1 1 
5.9341 -53.4793 -53.4793 1 1 
6.29415 -53.7574 -53.7574 1 1 
6.66876 -54.0256 -54.0256 1 1 
7.05672 -54.2834 -54.2834 1 1 
7.45677 -54.5308 -54.5308 1 1 
7.86769 -54.7678 -54.7678 1 1 
8.28828 -54.9945 -54.9945 1 1 
8.71746 -55.2113 -55.2113 1 1 
9.1542 -55.4185 -55.4185 1 1 
9.59759 -55.6165 -55.6165 1 1 
10.0468 -55.8057 -55.8057 1 1 
10.5012 -55.9866 -55.9866 1 1 
10.9601 -56.1598 -56.1598 1 1 
11.423 -56.3255 -56.3255 1 1 
11.8893 -56.4844 -56.4844 1 1 
12.3587 -56.6367 -56.6367 1 1 
12.8309 -56.7829 -56.7829 1 1 
13.3054 -56.9234 -56.9234 1 1 
13.7821 -57.0584 -57.0584 1 1 
14.2607 -57.1885 -57.1885 1 1 
14.7411 -57.3137 -57.3137 1 1 
15.2229 -57.4345 -57.4345 1 1 
15.7062 -57.5511 -57.5511 1 1 
16.1906 -57.6637 -57.6637 1 1 
16.6762 -57.7726 -57.7726 1 1 
17.1628 -57.878 -57.878 1 1 
17.6502 -57.98 -57.98 1 1 
18.1385 -58.0789 -58.0789 1 1 
18.6276 -58.1747 -58.1747 1 1 
19.1173 -58.2678 -58.2678 1 1 
19.6077 -58.3581 -58.3581 1 1 
20.0986 -58.4459 -58.4459 1 1 
5 -52.6402 -52.6402 2 1 
4.9757 -52.6156 -52.6156 1 1 
4.95152 -52.591 -52.591 1 1 
4.9035 -52.5416 -52.5416 1 1 
4.80883 -52.4424 -52.4424 1 1 
4.67027 -52.2923 -52.2923 1 1 
4.47022 -52.0646 -52.0646 1 1 
4.20779 -51.7441 -51.7441 1 1 
3.96306 -51.4194 -51.4194 1 1 
3.7355 -51.0916 -51.0916 1 1 
3.52442 -50.7616 -50.7616 1 1 
3.32898 -50.4302 -50.4302 1 1 
3.14826 -50.098 -50.098 1 1 
2.98129 -49.7657 -49.7657 1 1 
2.90587 -49.6066 -49.6066 2 1 
2.75747 -49.2749 -49.2749 2 1 
2.62043 -48.9439 -48.9439 2 1 
2.49385 -48.614 -48.614 2 1 
2.3769 -48.2852 -48.2852 2 1 
2.26879 -47.9577 -47.9577 2 1 
2.16878 -47.6316 -47.6316 2 1 
2.07621 -47.3069 -47.3069 2 1 
1.99044 -46.9835 -46.9835 2 1 
1.91093 -46.6615 -46.6615 2 1 
1.83714 -46.3407 -46.3407 2 1 
1.76859 -46.0211 -46.0211 2 1 
1.70485 -45.7025 -45.7025 2 1 
1.64551 -45.3849 -45.3849 2 1 
1.59019 -45.0681 -45.0681 2 1 
1.53856 -44.752 -44.752 2 1 
1.49028 -44.4363 -44.4363 2 1 
1.44507 -44.1209 -44.1209 2 1 
1.40264 -43.8055 -43.8055 2 1 
1.36274 -43.49 -43.49 2 1 
1.32512 -43.1742 -43.1742 2 1 
1.28957 -42.8577 -42.8577 2 1 
1.25586 -42.5403 -42.5403 2 1 
1.22381 -42.2217 -42.2217 2 1 
1.19323 -41.9017 -41.9017 2 1 
1.16394 -41.5799 -41.5799 2 1 
1.13578 -41.2559 -41.2559 2 1 
1.1086 -40.9295 -40.9295 2 1 
1.08226 -40.6003 -40.6003 2 1 
1.05662 -40.2679 -40.2679 2 1 
1.03157 -39.932 -39.932 2 1 
1.00698 -39.5922 -39.5922 2 1 
0.982742 -39.2482 -39.2482 2 1 
0.958767 -38.8995 -38.8995 2 1 
0.934959 -38.5458 -38.5458 2 1 
0.918427 -38.2963 -38.2963 2 1 
0.894717 -37.9333 -37.9333 1 1 
0.87097 -37.5645 -37.5645 1 1 
0.847124 -37.1894 -37.1894 1 1 
0.823126 -36.8079 -36.8079 1 1 
0.798933 -36.4196 -36.4196 1 1 
0.77451 -36.0245 -36.0245 1 1 
0.74983 -35.6225 -35.6225 1 1 
0.724878 -35.2133 -35.2133 1 1 
0.699644 -34.7972 -34.7972 1 1 
0.674131 -34.3741 -34.3741 1 1 
0.648347 -33.9442 -33.9442 1 1 
0.622311 -33.5076 -33.5076 1 1 
0.596045 -33.0648 -33.0648 1 1 
0.569581 -32.6159 -32.6159 1 1 
0.542953 -32.1613 -32.1613 1 1 
0.5162 -31.7015 -31.7015 1 1 
0.489362 -31.2368 -31.2368 1 1 
0.462483 -30.7677 -30.7677 1 1 
0.435602 -30.2947 -30.2947 1 1 
0.408763 -29.818 -29.818 1 1 
0.382003 -29.3382 -29.3382 1 1 
0.355359 -28.8555 -28.8555 1 1 
0.328866 -28.3704 -28.3704 1 1 
0.302555 -27.8832 -27.8832 1 1 
0.276453 -27.3941 -27.3941 1 1 
0.250584 -26.9034 -26.9034 1 1 
0.22497 -26.4114 -26.4114 1 1 
0.19963 -25.9181 -25.9181 1 1 
0.174579 -25.4239 -25.4239 1 1 
0.14983 -24.9288 -24.9288 1 1 
0.125394 -24.433 -24.433 1 1 
0.101279 -23.9366 -23.9366 1 1 
0.0774913 -23.4397 -23.4397 1 1 
0.054037 -22.9423 -22.9423 1 1 
0.030919 -22.4446 -22.4446 1 1 
0.00813957 -21.9465 -21.9465 1 1 
-0.0143004 -21.4482 -21.4482 1 1 
-0.0364007 -20.9497 -20.9497 1 1 
-0.0581624 -20.451 -20.451 1 1 
-0.0795869 -19.9522 -19.9522 1 1 
-0.100677 -19.4532 -19.4532 1 1 
-0.121434 -18.9541 -18.9541 1 1 
-0.141863 -18.4549 -18.4549 1 1 
-0.161966 -17.9556 -17.9556 1 1 
-0.181749 -17.4563 -17.4563 1 1 
-0.201214 -16.9569 -16.9569 1 1 
-0.220367 -16.4575 -16.4575 1 1 
-0.239212 -15.958 -15.958 1 1 
-0.257754 -15.4584 -15.4584 1 1 
-0.275997 -14.9589 -14.9589 1 1 
-0.293948 -14.4593 -14.4593 1 1 
-0.311611 -13.9597 -13.9597 1 1 
-0.328991 -13.46 -13.46 1 1 
-0.346092 -12.9604 -12.9604 1 1 
-0.362922 -12.4607 -12.4607 1 1 
-0.379484 -11.961 -11.961 1 1 
-0.395783 -11.4613 -11.4613 1 1 
-0.411825 -10.9616 -10.9616 1 1 
-0.427614 -10.4618 -10.4618 1 1 
-0.443156 -9.96209 -9.96209 1 1 
-0.458456 -9.46234 -9.46234 1 1 
-0.473518 -8.96258 -8.96258 1 1 
-0.488347 -8.46281 -8.46281 1 1 
-0.502948 -7.96303 -7.96303 1 1 
-0.517325 -7.46324 -7.46324 1 1 
-0.531483 -6.96344 -6.96344 1 1 
-0.545427 -6.46364 -6.46364 1 1 
-0.55916 -5.96384 -5.96384 1 1 
-0.572687 -5.46402 -5.46402 1 1 
-0.586013 -4.9642 -4.9642 1 1 
-0.599141 -4.46438 -4.46438 1 1 
-0.612076 -3.96454 -3.96454 1 1 
-0.62482 -3.46471 -3.46471 1 1 
-0.63738 -2.96487 -2.96487 1 1 
-0.649757 -2.46502 -2.46502 1 1 
-0.661956 -1.96517 -1.96517 1 1 
-0.67398 -1.46532 -1.46532 1 1 
-0.685833 -0.965456 -0.965456 1 1 
-0.697518 -0.465593 -0.465593 1 1 
-0.709039 0.0342739 0.0342739 1 1 
-0.720399 0.534145 0.534145 1 1 
-0.731601 1.03402 1.03402 1 1 
-0.742649 1.5339 1.5339 1 1 
-0.753545 2.03378 2.03378 1 1 
-0.764292 2.53366 2.53366 1 1 
-0.774894 3.03355 3.03355 1 1 
-0.785353 3.53344 3.53344 1 1 
-0.795672 4.03333 4.03333 1 1 
-0.805853 4.53323 4.53323 1 1 
-0.8159 5.03313 5.03313 1 1 
-0.825815 5.53303 5.53303 1 1 
-0.8356 6.03294 6.03294 1 1 
-0.845258 6.53284 6.53284 1 1 
-0.854791 7.03275 7.03275 1 1 
-0.864202 7.53266 7.53266 1 1 
-0.873494 8.03258 8.03258 1 1 
-0.882667 8.53249 8.53249 1 1 
-0.891725 9.03241 9.03241 1 1 
-0.900669 9.53233 9.53233 1 1 
-0.909502 10.0323 10.0323 1 1 
-0.918226 10.5322 10.5322 1 1 
-0.926843 11.0321 11.0321 1 1 
-0.935354 11.532 11.532 1 1 
-0.943761 12.032 12.032 1 1 
-0.952068 12.5319 12.5319 1 1 
-0.960274 13.0318 13.0318 1 1 
-0.968382 13.5318 13.5318 1 1 
-0.976394 14.0317 14.0317 1 1 
-0.984312 14.5316 14.5316 1 1 
-0.992136 15.0316 15.0316 1 1 
-0.999869 15.5315 15.5315 1 1 
-1.00751 16.0315 16.0315 1 1 
-1.01507 16.5314 16.5314 1 1 
-1.02254 17.0313 17.0313 1 1 
-1.02992 17.5313 17.5313 1 1 
-1.03722 18.0312 18.0312 1 1 
-1.04444 18.5312 18.5312 1 1 
-1.05157 19.0311 19.0311 1 1 
-1.05863 19.5311 19.5311 1 1 
-1.06561 20.031 20.031 1 1 
-1.07251 20.531 20.531 1 1 
-1.07933 21.0309 21.0309 1 1 
-1.08609 21.5309 21.5309 1 1 
-1.09276 22.0308 22.0308 1 1 
-1.09937 22.5308 22.5308 1 1 
-1.1059 23.0308 23.0308 1 1 
-1.11237 23.5307 23.5307 1 1 
-1.11877 24.0307 24.0307 1 1 
-1.12509 24.5306 24.5306 1 1 
-1.13136 25.0306 25.0306 1 1 
-1.13755 25.5306 25.5306 1 1 
-1.14368 26.0305 26.0305 1 1 
-1.14975 26.5305 26.5305 1 1 
-1.15576 27.0304 27.0304 1 1 
-1.1617 27.5304 27.5304 1 1 
-1.16759 28.0304 28.0304 1 1 
-1.17341 28.5303 28.5303 1 1 
-1.17918 29.0303 29.0303 1 1 
-1.18488 29.5303 29.5303 1 1 
-1.19053 30.0302 30.0302 1 1 
-1.19613 30.5302 30.5302 1 1 
-1.20167 31.0302 31.0302 1 1 
-1.20715 31.5302 31.5302 1 1 
-1.21258 32.0301 32.0301 1 1 
-1.21796 32.5301 32.5301 1 1 
-1.22329 33.0301 33.0301 1 1 
-1.22856 33.53 33.53 1 1 
-1.23378 34.03 34.03 1 1 
-1.23896 34.53 34.53 1 1 
-1.24408 35.03 35.03 1 1 
2.90589 -49.6066 -49.6066 4 3 
2.90588 -49.5868 -49.6264 3 3 
2.90588 -49.5991 -49.6141 3 3 
2.90579 -49.5199 -49.6931 4 3 
2.90588 -49.5857 -49.6275 3 3 
2.90445 -49.2679 -49.9429 3 3 
2.89761 -48.7863 -50.4117 3 3 
2.88465 -48.277 -50.8936 3 3 
2.8661 -47.7625 -51.3723 3 3 
2.84245 -47.2432 -51.8432 3 3 
2.81428 -46.7154 -52.3088 3 3 
2.78231 -46.1806 -52.7684 3 3 
2.74724 -45.6398 -53.2177 3 3 
2.70982 -45.0937 -53.6701 3 3 
2.67071 -44.5299 -54.1042 3 3 
2.63046 -43.9629 -54.5405 3 3 
2.58943 -43.3745 -54.9582 3 3 
2.54772 -42.7733 -55.3707 3 3 
2.50513 -42.1568 -55.7613 3 3 
2.46109 -41.5186 -56.1337 3 3 
2.41459 -40.8531 -56.4883 3 3 
2.36419 -40.1471 -56.7984 3 3 
2.30805 -39.4153 -57.0839 3 3 
2.24429 -38.6605 -57.3164 3 3 
2.17211 -37.9091 -57.4824 3 3 
2.09347 -37.179 -57.5767 3 3 
2.01308 -36.527 -57.6029 3 3 
1.9354 -35.9563 -57.5699 3 3 
1.86256 -35.4872 -57.5224 3 3 
1.79502 -35.0601 -57.4443 3 3 
1.73254 -34.6978 -57.3345 3 3 
1.67471 -34.3943 -57.2441 3 3 
1.62106 -34.1009 -57.1342 3 3 
1.57117 -33.8665 -57.0034 3 3 
1.52466 -33.6393 -56.8977 3 3 
1.48121 -33.4119 -56.7733 3 3 
1.44052 -33.231 -56.6269 3 3 
1.40236 -33.05 -56.5083 3 3 
1.36649 -32.8932 -56.3858 3 3 
1.33274 -32.7563 -56.2387 3 3 
1.30093 -32.604 -56.0972 3 3 
1.27093 -32.4759 -55.9697 3 3 
1.24259 -32.3533 -55.8194 3 3 
1.21582 -32.2579 -55.6489 3 3 
1.19051 -32.1348 -55.5158 3 3 
1.16657 -32.0441 -55.3559 3 3 
1.14393 -31.9548 -55.1633 3 3 
1.12253 -31.8614 -55.0154 3 3 
1.1023 -31.7825 -54.8277 3 3 
1.08321 -31.7256 -54.6454 3 3 
1.06522 -31.6402 -54.4208 3 3 
1.04831 -31.5843 -54.2231 3 3 
1.03244 -31.5251 -53.9561 3 3 
1.01764 -31.4845 -53.7237 3 3 
1.00391 -31.4433 -53.4388 3 3 
0.991265 -31.4012 -53.1482 3 3 
0.979768 -31.3889 -52.7766 3 3 
0.969478 -31.3837 -52.4067 3 3 
0.960479 -31.3853 -51.9559 3 3 
0.952849 -31.4094 -51.4495 3 3 
0.946628 -31.4701 -50.873 3 3 
0.941764 -31.564 -50.2263 3 3 
0.938089 -31.6901 -49.5363 3 3 
0.93535 -31.8431 -48.8083 3 3 
0.933284 -32.0407 -48.0824 3 3 
0.931674 -32.2774 -47.3495 3 3 
0.930356 -32.5305 -46.6235 3 3 
0.929217 -32.8167 -45.9165 3 3 
0.928176 -33.1363 -45.2278 3 3 
0.927176 -33.467 -44.5679 3 3 
0.926181 -33.8327 -43.922 3 3 
0.925169 -34.2029 -43.2984 3 3 
0.924133 -34.602 -42.6953 3 3 
0.923086 -35.0124 -42.1098 3 3 
0.922052 -35.4373 -41.5357 3 3 
0.921072 -35.8798 -40.9714 3 3 
0.920189 -36.3361 -40.4222 3 3 
0.919449 -36.8067 -39.8762 3 3 
0.918891 -37.2917 -39.3418 3 3 
0.918544 -37.7896 -38.8135 3 3 
0.917385 -38.2805 -38.2805 3 3 
-0.339199 -13.1626 -13.1631 3 3 
